pwm_vals = [[99, 0, 0, 0], [79, 0, 0, 19], [59, 0, 0, 39], [39, 0, 0, 59], [19, 0, 0, 79], [0, 0, 0, 99],
        [0, 0, 19, 79], [0, 0, 39, 59], [0, 0, 59, 39], [0, 0, 79, 19], [0, 0, 99, 0], [0, 19, 79, 0],
        [0, 39, 59, 0], [0, 59, 39, 0], [0, 79, 19, 0], [0, 99, 0, 0], [19, 79, 0, 0], [39, 59, 0, 0],
        [59, 39, 0, 0], [79, 19, 0, 0]]

fake_photo = ['dark', 'bright', 'middle', 'sunburn']
fake_temp = ['cold', 'hot', 'just right', 'surface of sun']